:	

Aldonza:	(19, 1327) 

Alejandro:	(15, 169) 

Amadís:	(9, 909) (9, 1085) (17, 363) (17, 411) (17, 506) 

Anteo:	(11, 967) 

Ardiente:	(11, 717) 

Aristóteles:	(9, 161) 

Babieca:	(15, 182) 

Belianís:	(9, 247) 

Bernardo:	(11, 832) 

Bucéfalo:	(15, 157) 

Caballero:	(9, 1000) (11, 701) 

Caraculiambro:	(19, 718) 

Carpio:	(11, 845) 

Cid:	(11, 624) (15, 197) 

Con:	(9, 0) 

Cuatro:	(15, 222) 

Decía:	(11, 608) (11, 1014) 

Decíase:	(19, 283) 

Diera:	(11, 1392) 

Dulcinea:	(19, 1546) 

Díaz:	(11, 632) 

El:	(5, 381) 

En:	(5, 0) (11, 0) (13, 0) 

Es:	(7, 0) (13, 1253) 

Espada:	(11, 726) 

Febo:	(9, 1014) 

Feliciano:	(7, 540) 

Frisaba:	(5, 734) 

Fue:	(15, 0) 

Galalón:	(11, 1442) 

Galaor:	(9, 1066) 

Gaula:	(9, 919) (9, 1095) (17, 516) 

Gonela:	(15, 96) 

Hércules:	(11, 942) 

I:	

Imaginábase:	(13, 539) 

Ingalaterra:	(9, 894) 

Limpias:	(19, 0) 

Limpiólas:	(13, 965) 

Llamábase:	(19, 1317) 

Llenósele:	(11, 241) 

Lorenzo:	(19, 1335) 

Mahoma:	(11, 1340) 

Malindrania:	(19, 752) 

Mancha:	(2, 75) (5, 18) (17, 620) (19, 858) 

Mancha:	

Mejor:	(11, 815) 

Montalbán:	(11, 1223) 

Morgante:	(11, 1043) 

Nicolás:	(9, 936) 

No:	(9, 204) 

Palmerín:	(9, 882) 

Pero:	(5, 1099) (9, 420) (11, 1175) (17, 329) 

Puesto:	(17, 0) 

Que:	(2, 0) 

Quesada:	(5, 941) (17, 292) 

Quieren:	(5, 888) 

Quijada:	(5, 930) (17, 278) 

Quijana:	(5, 1090) 

Quijote:	(2, 61) (17, 150) (17, 606) (19, 844) 

Reinaldos:	(11, 1210) 

Rocinante:	(15, 899) 

Roldán:	(11, 891) 

Roncesvalles:	(11, 863) 

Ruy:	(11, 628) 

Sigüenza:	(9, 832) 

Silva:	(7, 553) 

Tenía:	(5, 558) 

Tierra:	(11, 988) 

Toboso:	(19, 1559) (19, 1590) 

Trapisonda:	(13, 627) 

Tuvo:	(9, 743) 

Una:	(5, 178) 

Y:	(7, 893) (13, 779) (19, 691) 

acabar:	(9, 462) 

acabándolos:	(13, 496) 

acomodada:	(9, 1119) 

acomodársele:	(15, 443) 

acontece:	(19, 414) 

acordarme:	(5, 51) 

acordándose:	(17, 335) 

adarga:	(5, 132) 

aderezólas:	(13, 977) 

administración:	(7, 232) 

afable:	(11, 1153) 

afición:	(7, 151) 

agradables:	(13, 660) 

agravio:	(13, 443) 

ahogó:	(11, 959) 

ahora:	(15, 1016) 

ahí:	(19, 369) 

alababa:	(9, 436) 

alabado:	(19, 822) 

algo:	(5, 97) 

alguna:	(5, 966) (9, 637) 

alguno:	(9, 1029) 

algún:	(5, 297) (19, 377) 

allende:	(11, 1312) 

allí:	(9, 609) 

alma:	(19, 277) 

alto:	(15, 932) 

altos:	(7, 925) 

ama:	(5, 579) (11, 1454) 

amigo:	(5, 870) 

amores:	(11, 385) (19, 225) 

andante:	(13, 240) (15, 526) (19, 213) 

andantes:	(13, 391) (19, 440) 

anduvo:	(19, 1230) 

ansí:	(15, 427) 

ante:	(19, 216) (19, 386) 

antes:	(15, 497) (15, 1000) (15, 1035) 

antigua:	(5, 139) 

apariencia:	(13, 1224) 

aquel:	(9, 456) (11, 271) 

aquella:	(9, 496) (11, 491) (11, 510) 

aquellas:	(7, 593) (11, 510) 

aquello:	(11, 271) (13, 345) 

aquellos:	(7, 678) 

armas:	(13, 282) (13, 818) (19, 19) 

asegurarse:	(13, 1524) 

asentósele:	(11, 430) 

astillero:	(5, 121) 

así:	(5, 686) (7, 413) (11, 141) (11, 258) (13, 151) (13, 641) (15, 757) (17, 523) 

aumento:	(13, 163) 

aun:	(7, 225) (9, 658) (11, 1471) 

aunque:	(5, 1024) (15, 28) (19, 1248) 

autor:	(9, 450) 

autores:	(5, 991) (17, 207) 

aventura:	(9, 515) 

aventuras:	(13, 311) 

añadidura:	(5, 315) (11, 1491) 

añadir:	(17, 555) 

añadió:	(15, 814) (17, 436) 

año:	(7, 98) 

años:	(5, 787) 

barbero:	(9, 945) 

barras:	(13, 1593) 

basta:	(5, 1140) 

batalla:	(19, 792) 

batallas:	(11, 344) 

bien:	(7, 504) (9, 218) (11, 1026) (11, 1162) (11, 1201) (19, 558) (19, 1368) 

bisabuelos:	(13, 847) 

borró:	(15, 799) 

brazo:	(13, 591) 

brazos:	(11, 1006) 

buen:	(11, 652) (17, 539) (19, 338) (19, 1008) 

buena:	(19, 338) 

bueno:	(15, 377) 

buscar:	(13, 300) (19, 156) 

buscándole:	(19, 1420) 

caballero:	(9, 34) (9, 871) (9, 1161) (11, 657) (13, 230) (15, 349) (15, 516) (17, 544) (19, 203) (19, 429) (19, 830) 

caballeros:	(13, 380) (19, 429) 

caballerías:	(7, 128) (7, 386) 

caballo:	(13, 290) (15, 85) (15, 338) (17, 38) 

cabo:	(17, 124) 

calzas:	(5, 423) 

campo:	(5, 667) 

carnero:	(5, 208) 

carnes:	(5, 826) 

cartas:	(7, 700) 

cartones:	(13, 1144) 

casa:	(5, 570) (7, 429) 

casi:	(7, 179) 

caso:	(5, 1009) 

castillo:	(11, 1267) 

cata:	(19, 1305) 

caza:	(5, 882) (7, 217) 

celada:	(13, 1063) (13, 1175) (13, 1238) (13, 1746) (19, 44) 

celebro:	(11, 193) 

cerca:	(19, 1147) 

cicatrices:	(9, 398) 

cielos:	(7, 931) 

cierta:	(11, 588) 

cincuenta:	(5, 777) 

claridad:	(7, 570) 

claro:	(11, 91) (11, 100) 

cobrase:	(13, 509) (15, 654) 

coces:	(11, 1422) 

comparar:	(9, 1048) 

competencia:	(9, 761) 

complexión:	(5, 800) 

comprar:	(7, 368) 

compuso:	(7, 522) 

concluían:	(5, 396) 

condición:	(2, 16) (9, 1129) 

confirmándose:	(19, 79) 

conjeturas:	(5, 1035) 

conocido:	(15, 415) 

consumían:	(5, 339) 

contentado:	(17, 387) 

continuos:	(9, 699) 

convenible:	(13, 127) 

convenía:	(15, 690) 

coronado:	(13, 563) 

corredor:	(5, 168) 

cosa:	(19, 146) 

cosas:	(19, 1694) 

cree:	(19, 1125) 

criado:	(11, 1167) 

cual:	(19, 869) 

cuando:	(7, 656) (7, 903) (11, 952) (11, 1240) (11, 1302) (15, 982) (19, 1023) (19, 1062) 

cuantos:	(7, 440) (11, 1284) 

cuarenta:	(5, 601) 

cuartos:	(15, 45) 

cuchillada:	(13, 1324) 

cuento:	(5, 1132) 

cuerpo:	(9, 382) (19, 266) (19, 505) 

cura:	(9, 334) 

curado:	(9, 334) 

curiosidad:	(7, 282) 

cuyo:	(5, 29) 

cuál:	(9, 849) 

cómo:	(19, 986) 

daba:	(7, 106) (9, 256) 

dalle:	(9, 574) 

dama:	(19, 167) 

dama!:	(19, 1100) 

dar:	(11, 1406) (13, 40) (19, 1083) 

darle:	(19, 1373) 

debe:	(19, 817) 

debía:	(17, 262) 

decir:	(5, 896) (17, 322) 

declaraba:	(17, 651) 

declarase:	(15, 470) 

decía:	(9, 971) (15, 300) 

deja:	(5, 1061) 

dejaría:	(9, 345) 

dejó:	(13, 1450) 

della:	(5, 390) (13, 1718) (17, 731) 

dello:	(19, 1310) 

dellos:	(7, 459) 

demás:	(19, 1671) 

dentro:	(13, 1617) 

derribo:	(19, 455) 

desafíos:	(7, 710) (11, 354) 

desatino:	(7, 295) 

descomedidos:	(11, 1127) 

descomunales:	(11, 792) 

desdijese:	(19, 1445) 

deseaba:	(13, 770) 

desentrañarles:	(9, 87) 

deseo:	(9, 548) 

deshaciendo:	(13, 416) 

deshizo:	(13, 1403) (15, 822) 

después:	(15, 762) 

desta:	(17, 215) 

deste:	(5, 1003) (13, 1535) 

desvelábase:	(9, 57) 

dice:	(11, 1374) 

dicho:	(17, 180) 

diferencia:	(5, 973) 

diga:	(19, 658) 

dio:	(13, 84) (13, 735) (13, 1356) (19, 108) (19, 1301) 

diputó:	(13, 1728) 

discurso:	(19, 1046) 

disparates:	(11, 405) 

disponga:	(19, 951) 

divinamente:	(7, 963) 

divinidad:	(7, 953) 

docto:	(9, 813) 

domingos:	(5, 329) 

don:	(2, 57) (9, 243) (9, 1062) (17, 146) (17, 162) (19, 840) 

donde:	(7, 720) (13, 489) (17, 162) 

dormir:	(11, 155) 

dos:	(11, 779) (13, 460) 

duda:	(9, 632) (17, 253) 

duelos:	(5, 242) 

dulce:	(19, 642) 

duró:	(17, 97) 

dél:	(5, 1166) 

días:	(5, 496) (11, 113) (15, 229) (17, 113) 

e:	(15, 2) 

edad:	(5, 745) 

efeto:	(13, 3) (13, 757) 

ejercicio:	(2, 28) (7, 201) (15, 727) 

ejercitaban:	(13, 403) 

ejercitarse:	(13, 325) 

ella:	(19, 1275) 

ello:	(9, 198) (9, 674) 

ellos:	(13, 718) 

enamorado:	(19, 1237) 

enamorarse:	(19, 181) 

encajada:	(13, 1188) 

encaje:	(13, 1073) (13, 1765) 

encaminase:	(19, 1489) 

encantado:	(11, 901) 

encantamentos:	(11, 310) 

encuentro:	(19, 355) (19, 469) 

enflaquece:	(7, 832) 

enfrascó:	(11, 21) 

enjuto:	(5, 834) 

ensillaba:	(5, 690) 

entender:	(5, 1066) (19, 114) 

entenderlas:	(9, 73) 

entendiera:	(9, 141) 

entera:	(13, 1245) 

entiende:	(19, 1265) 

entonces:	(15, 548) 

entre:	(11, 996) (19, 604) 

entresemana:	(5, 504) 

entricadas:	(7, 602) 

enviarle:	(19, 577) 

era:	(5, 729) (9, 148) (9, 651) (9, 666) (11, 207) (11, 475) (11, 1083) (13, 1045) (13, 1248) (15, 324) (15, 462) (15, 544) (15, 1022) (19, 232) (19, 1574) 

eran:	(7, 81) 

escriben:	(5, 1014) 

escrito:	(7, 751) 

espada:	(13, 1344) 

estaba:	(7, 62) (9, 207) (11, 821) (11, 1194) (15, 563) 

estaban:	(13, 923) 

estado:	(15, 612) 

estar:	(13, 1301) 

estas:	(9, 4) 

este:	(7, 23) (17, 80) (19, 1041) 

esto:	(5, 385) (5, 957) (7, 307) (13, 650) 

estorbaran:	(9, 731) 

estos:	(13, 650) 

estrellas:	(7, 983) 

estruendo:	(15, 674) 

estuviese:	(15, 394) 

et:	(15, 122) 

eterno:	(13, 517) 

experiencia:	(13, 1706) 

extraño:	(13, 54) (13, 697) 

facilidad:	(13, 1475) 

falta:	(13, 1036) 

faltaba:	(19, 133) 

fama:	(13, 533) 

famosa:	(17, 487) 

famoso:	(2, 42) (7, 533) (15, 363) (15, 662) 

fantasía:	(11, 254) 

fermosura»:	(7, 881) 

fieros:	(11, 783) 

fiestas:	(5, 450) 

fin:	(9, 580) (15, 878) 

finalmente:	(19, 516) 

fino:	(5, 552) 

finísima:	(13, 1753) 

flaco:	(5, 154) 

formó:	(15, 792) 

fortaleza:	(13, 1670) 

fortifican:	(7, 996) 

fruto:	(19, 258) 

fue:	(13, 108) (13, 801) (15, 507) (19, 1108) 

fuerte:	(13, 1286) 

fuese:	(15, 507) 

fuit:	(15, 130) 

galgo:	(5, 162) 

generación:	(11, 1080) 

gigante:	(11, 805) (19, 383) (19, 710) 

gigantea:	(11, 1091) 

gigantes:	(11, 805) 

golpes:	(13, 1364) 

graduado:	(9, 820) 

gran:	(5, 852) (13, 1031) (19, 942) 

grandes:	(9, 301) 

grandeza:	(19, 942) 

grandeza»:	(7, 1069) 

gusto:	(7, 161) (13, 705) (17, 26) 

género:	(13, 433) 

ha:	(5, 22) 

haber:	(7, 453) 

había:	(9, 854) (11, 564) (11, 637) (11, 755) (11, 876) (13, 360) (13, 828) (13, 913) (13, 1418) (15, 486) (15, 971) (17, 381) (19, 1162) (19, 1700) 

habían:	(13, 828) 

hace:	(7, 803) 

hacen:	(7, 1013) 

hacer:	(13, 222) (13, 1561) (15, 840) 

hacerla:	(17, 479) 

hacerse:	(13, 222) 

hacienda:	(5, 371) (7, 253) 

hacían:	(13, 1213) 

hallaba:	(7, 743) 

halló:	(19, 1069) 

hanegas:	(7, 331) 

hay:	(5, 962) 

hecho:	(13, 1424) (13, 1502) (19, 26) (19, 1035) 

heridas:	(9, 231) (11, 364) 

hermano:	(9, 1074) (9, 1205) 

hiciera:	(9, 647) 

hidalgo:	(2, 49) (5, 94) (5, 761) (7, 39) 

hierro:	(13, 1603) 

hijo:	(11, 977) 

hinque:	(19, 615) 

historia:	(11, 575) (11, 1382) (17, 235) 

hizo:	(13, 796) (13, 1153) 

hojas:	(19, 246) 

holgó:	(19, 994) 

hombre:	(9, 806) 

honra:	(13, 177) 

honraba:	(5, 519) (17, 698) 

hubiesen:	(9, 325) 

hubo:	(19, 1030) 

humilde:	(19, 671) 

iba:	(9, 1247) 

igualaban:	(15, 211) 

imaginaba:	(9, 282) 

imaginación:	(11, 459) (15, 862) 

imaginar:	(15, 251) 

imperio:	(13, 616) 

importa:	(5, 1109) 

imposibles:	(11, 416) 

inacabable:	(9, 504) 

industria:	(11, 929) (13, 1123) 

invenciones:	(11, 527) 

irse:	(13, 251) 

jamás:	(13, 78) (19, 803) (19, 1280) 

juicio:	(9, 47) (11, 233) (13, 25) 

labradora:	(19, 1177) 

lantejas:	(5, 275) 

lanza:	(5, 112) 

lectura:	(11, 42) 

leer:	(7, 113) (7, 405) (7, 673) (11, 174) 

les:	(19, 410) 

letra:	(9, 597) 

leyendo:	(11, 80) 

leía:	(7, 910) (11, 283) (11, 543) 

leído:	(13, 366) 

libro:	(9, 472) 

libros:	(7, 118) (7, 376) (11, 295) 

limpiar:	(13, 805) 

linaje:	(17, 676) 

llamaba:	(5, 1082) 

llamar:	(15, 892) (17, 139) (17, 271) 

llamarla:	(19, 1537) 

llamarse:	(17, 402) (17, 593) 

llamó:	(17, 500) 

llegaba:	(5, 632) (7, 663) (9, 989) 

llegó:	(7, 265) 

llenas:	(13, 882) 

lleno:	(9, 389) 

llevado:	(13, 685) 

llevó:	(7, 418) 

llorón:	(9, 1190) 

loco:	(13, 88) 

luego:	(15, 4) 

luengos:	(13, 898) 

lugar:	(5, 6) (9, 791) (19, 1141) 

madrugador:	(5, 857) 

maese:	(9, 930) 

maestros:	(9, 309) 

mal:	(13, 1468) 

malos:	(19, 307) 

mandó:	(19, 877) 

manera:	(7, 816) (11, 204) (13, 1632) (15, 459) 

mano:	(11, 1414) 

mas:	(9, 926) (13, 284) 

mayores:	(9, 689) 

me:	(7, 858) (19, 352) (19, 521) (19, 874) 

media:	(13, 1169) 

medio:	(11, 773) 

mejor:	(9, 865) (13, 991) 

melindroso:	(9, 1171) 

memoria:	(15, 852) 

menos:	(13, 605) 

merced:	(19, 914) 

merece:	(7, 1019) 

merecedora:	(7, 1019) 

merecimiento:	(7, 1034) 

mesmo:	(5, 483) (9, 155) (15, 314) 

mi:	(7, 234) (7, 791) (19, 98) (19, 316) 

mis:	(19, 98) 

mismo:	(9, 957) (17, 68) (19, 98) 

mitad:	(19, 495) 

modo:	(11, 448) (13, 1161) 

moho:	(13, 892) 

morrión:	(13, 1086) (13, 1204) (19, 36) 

moza:	(19, 1172) 

mozo:	(5, 659) 

muchas:	(7, 324) (7, 729) (9, 527) (9, 748) 

mucho:	(5, 68) (11, 168) (11, 1020) (19, 1455) 

muchos:	(15, 773) 

mudando:	(15, 595) 

mudase:	(15, 620) 

muerto:	(11, 882) 

mundo:	(11, 601) (13, 99) (13, 268) (15, 1076) 

muy:	(9, 214) (9, 1115) (11, 648) (15, 570) (17, 661) (19, 1190) 

máquina:	(11, 499) 

más:	(5, 195) (5, 230) (5, 548) (7, 90) (7, 652) (11, 584) (11, 1236) (13, 50) (15, 41) (15, 67) (19, 805) 

mí:	(19, 963) 

músico:	(19, 1620) 

narración:	(5, 1156) 

natural:	(19, 1578) 

necesario:	(13, 140) 

ni:	(9, 134) (9, 981) (15, 151) (15, 179) (19, 760) 

ninguno:	(9, 981) 

ningunos:	(7, 479) 

no:	(5, 34) (5, 41) (5, 62) (5, 234) (9, 118) (9, 342) (9, 392) (9, 545) (9, 722) (11, 73) (11, 218) (13, 35) (13, 521) (15, 264) (17, 7) (17, 134) (19, 59) (19, 127) 

noches:	(5, 234) (11, 73) 

nombre:	(5, 34) (13, 524) (15, 264) (15, 408) (15, 641) (15, 780) (17, 7) (17, 446) (17, 573) (19, 59) (19, 1087) (19, 1431) (19, 1598) 

nombres:	(15, 780) 

nuestro:	(5, 753) (5, 1124) (19, 1000) 

nueva:	(13, 1700) (15, 704) 

nuevo:	(13, 1570) (15, 721) 

o:	(5, 32) (9, 1) (19, 30) (19, 37) (19, 57) 

ocasiones:	(13, 468) 

ocasión:	(17, 195) 

ocho:	(17, 108) 

ocioso:	(7, 69) 

olla:	(5, 182) 

olvidadas:	(13, 941) 

olvidó:	(7, 172) 

orden:	(15, 710) 

ordinario:	(19, 400) 

oro:	(11, 1363) 

orín:	(13, 875) 

os:	(7, 49) (7, 55) 

ossa:	(15, 125) 

otra:	(11, 570) (19, 141) 

otros:	(9, 683) (17, 102) (17, 306) 

palomino:	(5, 303) 

pantuflos:	(5, 467) 

para:	(5, 441) (7, 363) (9, 188) (9, 1051) (11, 408) (13, 155) (13, 188) (13, 1267) (19, 922) 

parecer:	(15, 923) (17, 642) (19, 1199) (19, 1611) 

parecerle:	(13, 1458) 

pareció:	(13, 119) (15, 139) (19, 1356) 

parecían:	(7, 491) (7, 630) 

partes:	(5, 358) (7, 736) 

partido:	(11, 761) 

parto:	(19, 485) 

pasaba:	(5, 587) 

pasaban:	(11, 61) 

pasaron:	(15, 240) 

patria:	(17, 467) (17, 685) 

pecados:	(19, 320) 

pedazos:	(13, 1508) 

peligro:	(13, 480) 

peligros:	(13, 480) 

pellis:	(15, 115) 

pendencias:	(11, 332) 

pensamiento:	(13, 62) (17, 85) 

pensamientos:	(9, 709) (13, 671) (19, 1403) 

perder:	(11, 223) 

perdía:	(9, 18) 

peregrino:	(19, 1629) 

perlas:	(7, 642) 

pero:	(11, 668) (13, 1007) 

pie:	(9, 587) 

plaza:	(5, 675) 

pluma:	(9, 566) 

pobre:	(9, 28) (13, 554) 

poco:	(5, 1117) (11, 150) 

podadera:	(5, 724) 

podía:	(9, 1042) (13, 1295) 

pondría:	(15, 274) 

poner:	(13, 748) 

poniéndole:	(13, 1577) 

poniéndose:	(13, 454) 

ponérsele:	(17, 53) 

porque:	(7, 560) (9, 272) (9, 1102) (11, 853) (11, 1053) (13, 1134) (15, 283) (19, 193) (19, 1567) 

presentado:	(19, 586) 

presentase:	(19, 890) 

priesa:	(13, 739) 

primero:	(13, 784) (13, 1381) (15, 1043) 

princesa:	(19, 1506) 

probar:	(13, 1272) 

procuraba:	(15, 433) 

profesaba:	(15, 744) 

promesa:	(9, 485) 

promete:	(9, 617) 

prosa:	(7, 585) 

pudo:	(7, 448) (13, 1001) 

pueblo:	(9, 963) 

pues:	(7, 4) (15, 558) (19, 9) 

puestas:	(13, 931) 

puesto:	(15, 574) (19, 52) (19, 1706) 

punto:	(5, 1185) (7, 192) (13, 1397) 

que:	(5, 81) (5, 204) (5, 251) (5, 583) (5, 625) (5, 682) (5, 902) (5, 950) (5, 999) (5, 1027) (7, 19) (7, 58) (7, 77) (7, 168) (7, 313) (7, 401) (7, 518) (7, 563) (7, 594) (7, 679) (7, 785) (9, 114) (9, 239) (9, 275) (9, 292) (9, 318) (9, 457) (9, 497) (9, 798) (9, 977) (11, 51) (11, 212) (11, 272) (11, 279) (11, 471) (11, 492) (11, 511) (11, 539) (11, 549) (11, 617) (11, 673) (11, 686) (11, 734) (13, 74) (13, 112) (13, 346) (13, 353) (13, 372) (13, 711) (13, 766) (13, 792) (13, 824) (13, 859) (13, 919) (13, 997) (13, 1016) (13, 1049) (13, 1137) (13, 1183) (13, 1263) (13, 1414) (15, 31) (15, 53) (15, 78) (15, 104) (15, 147) (15, 286) (15, 334) (15, 466) (15, 503) (15, 540) (15, 590) (15, 737) (15, 788) (15, 967) (17, 174) (17, 244) (17, 347) (17, 432) (19, 123) (19, 196) (19, 600) (19, 618) (19, 883) (19, 927) (19, 1118) (19, 1131) (19, 1251) 

quebrantos:	(5, 251) 

queda:	(17, 174) 

quedó:	(13, 1647) 

quejo:	(7, 861) 

querer:	(13, 1687) 

quien:	(19, 175) (19, 571) (19, 767) (19, 1077) (19, 1211) 

quiero:	(5, 44) 

quisieron:	(17, 312) 

quiso:	(17, 47) (17, 527) 

quitó:	(15, 807) 

quién:	(15, 480) 

qué:	(15, 260) 

ratos:	(7, 52) 

razones:	(7, 613) (9, 10) 

razón:	(7, 764) (7, 779) (7, 794) (7, 826) (15, 328) (15, 584) 

real:	(15, 60) 

recebía:	(9, 263) 

recia:	(5, 811) 

reino:	(17, 459) 

rematado:	(13, 10) 

rendida:	(19, 681) 

república:	(13, 211) 

requiebros:	(7, 687) (11, 373) 

resolución:	(11, 3) 

resto:	(5, 384) 

resucitara:	(9, 177) 

revés:	(11, 749) 

riesgo:	(13, 1310) 

rincón:	(13, 957) 

rindo:	(19, 542) 

robar:	(11, 1278) 

robó:	(11, 1320) 

rocines:	(15, 1064) 

rocín:	(5, 148) (5, 703) (15, 19) (15, 993) (19, 71) 

rodillas:	(19, 625) 

rostro:	(5, 844) (9, 365) 

saber:	(7, 13) 

sacara:	(9, 127) 

sacó:	(13, 1336) 

salga:	(5, 1176) 

saliera:	(9, 662) 

salir:	(11, 1255) 

salpicón:	(5, 217) 

satisfecho:	(13, 1653) 

sayo:	(5, 406) 

se:	(5, 509) (5, 516) (5, 818) (5, 1058) (7, 103) (7, 352) (9, 66) (9, 89) (9, 105) (9, 121) (9, 279) (11, 18) (11, 55) (11, 179) (13, 196) (13, 227) (15, 208) (15, 234) (15, 291) (17, 58) (17, 129) (17, 259) (17, 344) (19, 90) (19, 105) (19, 189) (19, 288) (19, 553) (19, 589) (19, 612) 

secas:	(17, 420) 

seco:	(5, 818) 

secó:	(11, 185) 

según:	(11, 1368) (15, 291) (19, 1256) 

semana:	(13, 1437) 

sembradura:	(7, 352) 

sentido:	(9, 105) 

sentía:	(13, 724) 

ser:	(11, 1065) (19, 553) 

servicio:	(13, 196) 

será:	(19, 553) 

señales:	(9, 411) 

señor:	(15, 606) (19, 648) 

señora:	(19, 648) (19, 695) (19, 1389) (19, 1522) 

si:	(9, 174) (9, 628) (9, 680) (13, 471) 

sido:	(9, 860) (11, 643) (13, 835) (15, 492) (15, 977) 

siglos:	(13, 906) 

significativo:	(15, 947) (19, 1641) 

simple:	(13, 1094) 

sin:	(9, 628) (13, 1081) (15, 404) (17, 249) (19, 151) (19, 221) (19, 242) (19, 254) 

singular:	(19, 783) 

sino:	(13, 1081) (17, 427) (19, 151) 

sinrazón:	(7, 776) 

soberbios:	(11, 1115) 

sobre:	(9, 843) (11, 1181) 

sobredicho:	(7, 28) 

sobrenombre:	(5, 915) (17, 719) 

sobrina:	(5, 617) (11, 1480) 

solo:	(11, 1144) 

son:	(11, 1111) 

sonoro:	(15, 938) 

soy:	(19, 703) 

soñadas:	(11, 519) 

su:	(5, 342) (5, 368) (5, 463) (7, 250) (7, 279) (7, 426) (7, 582) (9, 179) (9, 447) (9, 469) (9, 788) (11, 39) (11, 1264) (11, 1379) (11, 1477) (13, 22) (13, 174) (13, 208) (13, 278) (13, 588) (13, 843) (13, 1113) (15, 16) (15, 603) (15, 849) (15, 920) (17, 23) (17, 35) (17, 456) (17, 565) (17, 586) (19, 15) (19, 68) (19, 344) (19, 747) 

suerte:	(19, 344) 

suplió:	(13, 1113) 

supo:	(19, 1289) 

sus:	(5, 463) (13, 278) (13, 843) (19, 15) (19, 1399) (19, 1690) 

suya:	(17, 586) 

suyas:	(7, 621) 

suyo:	(17, 565) (19, 1157) (19, 1465) 

sábados:	(5, 266) 

sí:	(15, 311) (15, 390) (17, 65) (19, 95) 

sólo:	(9, 193) (11, 741) (17, 373) 

tachas:	(15, 71) 

tal:	(7, 812) (11, 346) (13, 1628) 

talante»?:	(19, 971) 

también:	(7, 895) (15, 630) 

tan:	(7, 145) (9, 1186) (13, 656) (15, 108) (15, 359) (17, 17) (17, 221) 

tanta:	(7, 145) 

tanto:	(7, 273) (11, 30) 

tantum:	(15, 108) 

tener:	(9, 356) (19, 563) 

tenía:	(5, 906) (9, 1109) (11, 680) (11, 1462) (15, 35) 

tenían:	(13, 1020) (13, 1056) 

tiempo:	(5, 74) (19, 1223) 

tierra:	(7, 342) 

tirase:	(19, 1477) 

toda:	(11, 486) 

todo:	(7, 187) (9, 374) (9, 430) (9, 1144) (11, 266) (11, 1105) (13, 260) (13, 340) (13, 428) 

todos:	(7, 434) (7, 472) (11, 1105) (11, 1187) (15, 1054) (19, 1661) 

tomaba:	(5, 714) 

tomadas:	(13, 864) 

tomar:	(9, 557) (17, 187) 

tomaron:	(17, 187) 

topaba:	(11, 1292) 

tormentas:	(11, 393) 

tornó:	(13, 1553) (15, 832) 

traidor:	(11, 1431) 

trata:	(2, 4) 

tres:	(5, 353) 

turbio:	(11, 121) (11, 131) 

tuvo:	(13, 1737) 

título:	(19, 1379) 

vaca:	(5, 199) 

valentía:	(9, 1232) 

valeroso:	(17, 354) 

valiéndose:	(11, 912) 

valor:	(13, 579) 

veces:	(9, 534) (9, 755) 

veinte:	(5, 646) 

velarte:	(5, 414) 

vellorí:	(5, 534) 

velludo:	(5, 433) 

venció:	(19, 773) 

vendió:	(7, 317) 

venzo:	(19, 531) 

ver:	(11, 479) (15, 12) 

verdad:	(5, 1197) (11, 479) (13, 1256) 

verdadera:	(17, 225) 

verosímiles:	(5, 1046) 

veía:	(11, 1250) 

viernes:	(5, 288) 

vino:	(9, 543) (11, 216) (13, 33) (15, 885) (17, 132) (19, 1530) 

vio:	(13, 447) 

vivo:	(17, 668) 

vivía:	(5, 85) 

voz:	(19, 667) 

vuestra:	(7, 873) (7, 945) (7, 1061) (19, 906) (19, 934) 

ya:	(13, 19) (13, 560) (15, 741) 

yo:	(19, 299) 

zaga:	(9, 1254) 

¡Oh:	(19, 981) 

«:	(7, 760) 

«La:	(7, 760) 

«Si:	(19, 295) 

«Yo:	(19, 690) 

¿no:	(19, 549) 

árbol:	(19, 236) 

él:	(11, 15) (11, 558) (11, 614) (11, 1141) (11, 1398) (13, 357) (13, 1644) (15, 205) (15, 306) (15, 383) (15, 627) (19, 291) (19, 1217) (19, 1683) 

ésta:	(19, 1348) 

ídolo:	(11, 1331) 

ínsula:	(19, 745) 

﻿Capítulo:	(0, 0) 

